Time,Magnitude
0,0.954056
1,0.929075
2,0.936004
3,0.983654
4,0.996319
5,1.027027
6,1.011672
7,0.986920
8,0.988046
9,0.960874
10,0.961602
11,0.968797
12,0.971011
13,1.006964
14,1.087355
15,1.059937
16,1.069030
17,1.111934
18,1.067039
19,1.014609
20,0.988925
21,0.995141
22,1.009669
23,1.046850
24,1.093704
25,1.133825
26,1.220197
27,1.344256
28,1.490337
29,1.553138
30,1.496500
31,1.382840
32,1.241229
33,1.124714
34,1.030029
35,0.939901
36,0.884307
37,0.861223
38,0.885167
39,0.935437
40,0.953862
41,0.969733
42,0.969908
43,0.969136
44,0.978703
45,0.987750
46,1.001270
47,1.001779
48,1.005784
49,1.011826
50,1.056191
51,1.066461
52,1.037819
53,1.030996
54,1.029605
55,1.009635
56,1.001604
57,1.006555
58,1.013735
59,1.005608
60,0.986801
61,0.973195
62,0.979362
63,0.998338
64,1.002000
65,0.996192
66,0.999908
67,0.989402
68,0.988818
69,0.993112
70,0.972150
71,0.951128
72,0.936752
73,0.929801
74,0.928257
75,0.909081
76,0.908629
77,0.905515
78,0.907226
79,0.904707
80,0.904472
81,0.889713
82,0.890608
83,0.900197
84,0.907675
85,0.910182
86,0.909823
87,0.920786
88,0.920027
89,0.925885
90,0.946993
91,0.980784
92,1.006947
93,1.036466
94,1.054304
95,1.075254
96,1.096527
97,1.088384
98,1.076552
99,1.064445
100,1.057346
101,1.050109
102,1.048361
103,1.073509
104,1.080538
105,1.079477
106,1.081196
107,1.078486
108,1.058940
109,1.051789
110,1.037149
111,1.035083
112,1.057496
113,1.085390
114,1.119372
115,1.130657
116,1.127875
117,1.113052
118,1.081108
119,1.051627
120,1.022773
121,0.994889
122,0.984015
123,0.995798
124,1.018737
125,1.019585
126,1.019821
127,1.018289
128,1.010781
129,1.017806
130,1.015804
131,0.997000
132,0.975543
133,0.970017
134,0.970769
135,0.973783
136,0.987493
137,0.995951
138,1.021097
139,1.029721
140,1.031578
141,1.032913
142,1.032854
143,1.022879
144,1.017140
145,0.996580
146,0.977954
147,0.970946
148,0.967212
149,0.959838
150,0.962058
151,0.969974
152,0.991480
153,1.025146
154,1.038833
155,1.041525
156,1.044714
157,1.035986
158,1.021177
159,1.026894
160,1.013923
161,0.994465
162,0.982603
163,0.978062
164,0.975590
165,0.981222
166,0.991351
167,1.000603
168,0.986339
169,0.973864
170,0.969221
171,0.971241
172,0.960822
173,0.939314
174,0.954908
175,0.971523
176,0.970987
177,0.973255
178,0.966262
179,0.971452
180,0.965390
181,0.959049
182,0.945592
183,0.935804
184,0.946225
185,0.945311
186,0.932582
187,0.920895
188,0.900335
189,0.877365
190,0.853332
191,0.846697
192,0.837775
193,0.835885
194,0.838783
195,0.841981
196,0.845014
197,0.830484
198,0.825655
199,0.825715
200,0.831135
201,0.834699
202,0.826229
203,0.835078
204,0.839735
205,0.837167
206,0.838950
207,0.836995
208,0.828167
209,0.819518
210,0.803127
211,0.799589
212,0.794690
213,0.786865
214,0.782160
215,0.794192
216,0.815894
217,0.804643
218,0.778655
219,0.762631
220,0.752192
221,0.738494
222,0.724945
223,0.710607
224,0.692734
225,0.683116
226,0.670972
227,0.667015
228,0.667022
229,0.657663
230,0.618619
231,0.579073
232,0.545380
233,0.514537
234,0.482174
235,0.440827
236,0.411942
237,0.426796
238,0.471192
239,0.556193
240,0.705271
241,0.905407
242,1.119135
243,1.310492
244,1.460448
245,1.491919
246,10.792922
247,1.078904
248,1.080631
249,1.072097
250,1.046598
251,1.042232
252,1.059927
253,1.073495
254,1.096487
255,1.109261
256,1.114855
257,1.116762
258,1.112602
259,1.109296
260,1.107815
261,1.101291
262,1.092322
263,1.092504
264,1.092246
265,1.082761
266,1.075476
267,1.075796
268,1.077042
269,1.084357
270,1.078259
271,1.079442
272,1.067304
273,1.061727
274,1.035708
275,1.023071
276,1.023698
277,1.029766
278,1.039829
279,1.036668
280,1.024836
281,1.020275
282,1.025186
283,1.021170
284,1.008197
285,1.006670
286,1.005227
287,1.006438
288,1.013284
289,1.015163
290,1.003202
291,0.990788
292,0.977042
293,0.966959
294,0.954068
295,0.952997
296,0.963610
297,0.980449
298,0.994702
299,0.999342
300,1.008919
301,1.002978
302,0.982072
303,0.964398
304,0.955281
305,0.952550
306,0.955310
307,0.969097
308,0.984288
309,0.998586
310,1.013621
311,1.027113
312,1.026803
313,1.027682
314,1.016125
315,0.998751
316,0.997188
317,0.993099
318,1.000925
319,1.004573
320,1.002626
321,0.996820
322,1.002155
323,1.002567
324,0.998525
325,0.994765
326,0.994809
327,0.992424
328,0.983192
329,0.972974
330,0.985402
331,1.001722
332,1.025736
333,1.038729
334,1.020039
335,1.002697
336,0.983731
337,0.980494
338,0.983741
339,0.983891
340,0.989341
341,0.991375
342,0.989628
343,0.994821
344,1.002967
345,1.021001
346,1.033357
347,1.032310
348,1.031914
349,1.022549
350,1.004194
351,0.987512
352,0.981060
353,0.979375
354,0.981828
355,0.981374
356,0.957783
357,0.927502
358,0.908627
359,0.908780
360,0.923909
361,0.943390
362,0.954872
363,0.959524
364,0.963294
365,0.969466
366,0.980848
367,1.003001
368,1.029529
369,1.059869
370,0.978245
371,0.965518
372,0.957872
373,0.962989
374,0.967457
375,0.977279
376,0.983519
377,0.990319
378,0.993300
379,0.998587
380,1.005891
381,1.020934
382,1.016023
383,1.008360
384,0.995108
385,0.983845
386,0.984749
387,1.005292
388,1.042464
389,1.077682
390,1.100949
391,1.110195
392,1.108823
393,1.096827
394,1.073726
395,1.045945
396,1.027434
397,1.025041
398,1.029315
399,1.031274
400,1.028013
401,1.026858
402,1.025084
403,1.019358
404,1.026883
405,1.038384
406,1.048167
407,1.053415
408,1.053249
409,1.054691
410,1.055080
411,1.051689
412,1.056776
413,1.060064
414,1.069695
415,1.090878
416,1.104688
417,1.101194
418,1.078170
419,1.046767
420,1.015532
421,0.981742
422,0.961695
423,0.944892
424,0.924364
425,0.915360
426,0.916542
427,0.915410
428,0.911429
429,0.908987
430,0.898728
431,0.886783
432,0.878874
433,0.882665
434,1.017019
435,1.020533
436,1.014546
437,1.006053
438,1.001970
439,1.000226
440,1.004040
441,1.012029
442,1.014254
443,1.021172
444,1.020643
445,1.014606
446,1.001471
447,0.998431
448,0.999482
449,1.000514
450,0.997382
451,0.995227
452,0.989246
453,0.993159
454,0.997742
455,1.000013
456,1.005388
457,1.011533
458,1.011958
459,1.012745
460,1.010454
461,1.008717
462,1.016514
463,1.021963
464,1.026736
465,1.020773
466,1.014912
467,1.019430
468,1.019948
469,1.017048
470,1.010033
471,1.008000
472,1.012814
473,1.013769
474,1.003943
475,1.002103
476,1.002229
477,1.001595
478,1.010811
479,1.011449
480,1.008164
481,1.003612
482,1.003189
483,1.008112
484,1.012169
485,1.018205
486,1.010854
487,1.011328
488,1.006656
489,1.006721
490,1.013555
491,1.010929
492,1.012310
493,1.006882
494,1.001380
495,1.000108
496,1.002199
497,1.017382
498,1.030622
499,1.034549
500,1.037060
501,1.037068
502,1.043940
503,1.047791
504,1.046573
505,1.052644
506,1.055990
507,1.057264
508,1.065349
509,1.063447
510,1.057869
511,1.064952
512,1.063400
513,1.066415
514,1.067463
515,1.062344
516,1.053219
517,1.044942
518,1.037802
519,1.040431
520,1.048907
521,1.046766
522,1.046901
523,1.037368
524,1.038584
525,1.046653
526,1.064500
527,1.075799
528,1.083406
529,1.089255
530,1.100858
531,1.112460
532,1.126274
533,1.147768
534,1.172816
535,1.172462
536,1.153485
537,1.132815
538,1.127045
539,1.128632
540,1.136995
541,1.112537
542,1.081003
543,1.055307
544,1.049768
545,1.067865
546,1.063397
547,1.023005
548,0.997401
549,0.970126
550,0.963828
551,0.970612
552,0.970455
553,0.962866
554,0.952310
555,0.952250
556,0.951269
557,0.944025
558,0.931411
559,0.945048
560,0.939379
561,0.916408
562,0.901548
563,0.887628
564,0.878503
565,0.890161
566,0.906363
567,0.908151
568,0.914992
569,0.916401
570,0.902541
571,0.893588
572,0.896476
573,0.920406
574,0.940543
575,0.915577
576,0.908344
577,0.905755
578,0.913180
579,0.921685
580,0.925253
581,0.946299
582,0.967637
583,0.967803
584,0.947922
585,0.949379
586,0.964825
587,0.991958
588,1.009625
589,1.023825
590,1.020001
591,1.005957
592,0.996996
593,0.972873
594,0.958742
595,0.964640
596,0.975171
597,0.983380
598,1.000657
599,1.027634
600,1.038776
601,1.011999
602,0.989013
603,0.992043
604,1.025664
605,1.025466
606,1.018153
607,1.007691
608,0.999008
609,0.996306
610,1.005320
611,1.005692
612,1.000973
613,0.989303
614,0.982616
615,0.987841
616,0.995198
617,0.999632
618,0.997180
619,0.998268
620,1.002151
621,1.000494
622,1.006180
623,1.008644
624,1.002193
625,1.001520
626,0.999303
627,0.998050
628,0.994689
629,0.995892
630,1.000858
631,1.004249
632,1.004594
633,1.006188
634,1.006789
635,1.011413
636,1.005327
637,0.995402
638,0.985820
639,0.986700
640,0.984641
641,0.982721
642,0.994157
643,0.991697
644,1.001672
645,0.996353
646,0.978178
647,0.960058
648,0.970168
649,0.975450
650,0.985826
651,0.993078
652,0.990707
653,0.988966
654,0.978594
655,0.965015
656,0.964071
657,0.977897
658,0.984356
659,0.998822
660,1.008986
661,0.997753
662,0.980242
663,0.968213
664,0.971284
665,0.976448
666,0.980588
667,0.980067
668,0.959847
669,0.978362
670,0.987523
671,1.007428
672,1.024817
673,1.043301
674,1.036537
675,1.024651
676,1.011686
677,0.995270
678,0.971313
679,0.960429
680,0.972052
681,1.011095
682,1.034219
683,1.015494
684,0.979290
685,0.953215
686,0.949571
687,0.948997
688,0.975714
689,0.982970
690,0.978647
691,0.985680
692,0.993285
693,0.995856
694,0.989951
695,0.985803
696,1.006832
697,1.034641
698,1.059818
699,1.078145
700,1.082975
701,1.077787
702,1.076408
703,1.071907
704,1.066281
705,1.063626
706,1.061581
707,1.062139
708,1.059205
709,1.064636
710,1.064677
711,1.059880
712,1.045637
713,1.045645
714,1.052219
715,1.065490
716,1.078311
717,1.086298
718,1.102293
719,1.127354
720,1.146401
721,1.156373
722,1.161187
723,1.160764
724,1.163181
725,1.153318
726,1.146938
727,1.153107
728,1.148058
729,1.134405
730,1.126271
731,1.112656
732,1.094785
733,1.065930
734,1.053141
735,1.044863
736,1.020597
737,1.011625
738,1.004585
739,1.010074
740,0.995839
741,0.989518
742,0.984563
743,0.976817
744,0.963289
745,0.950041
746,0.938340
747,0.941835
748,0.942007
749,0.930481
750,0.928706
751,0.933681
752,0.935743
753,0.924717
754,0.920017
755,0.926759
756,0.940190
757,0.958818
758,0.982676
759,0.979819
760,0.965823
761,0.962949
762,0.978018
763,1.022795
764,1.057649
765,1.076140
766,1.077221
767,1.067117
768,1.067028
769,1.071130
770,1.064033
771,1.040922
772,1.014124
773,0.998795
774,1.002019
775,1.011602
776,1.017962
777,1.020986
778,1.028917
779,1.034272
780,1.025103
781,1.012437
782,0.992405
783,0.967230
784,0.976087
785,0.984342
786,0.980940
787,0.967921
788,0.939907
789,0.889881
790,0.851132
791,0.832379
792,0.829898
793,0.850367
794,0.870720
795,0.890597
796,0.887064
797,0.871674
798,0.836571
799,0.809019
800,0.801386
801,0.832899
802,0.865125
803,0.884250
804,0.897072
805,0.904506
806,0.901249
807,0.901908
808,0.899163
809,0.897319
810,0.891197
811,0.885154
812,0.889475
813,0.914657
814,0.951730
815,0.991515
816,1.024214
817,1.050623
818,1.071150
819,1.076885
820,1.071537
821,1.077247
822,1.072403
823,1.089258
824,1.101726
825,1.104668
826,1.108505
827,1.130761
828,1.141985
829,1.132486
830,1.118899
831,1.122146
832,1.139097
833,1.155292
834,1.171971
835,1.179920
836,1.153640
837,1.116902
838,1.084405
839,1.044132
840,1.003281
841,1.005284
842,1.007934
843,1.006354
844,1.016145
845,1.011374
846,0.985393
847,0.947326
848,0.922313
849,0.912796
850,0.932279
851,0.962056
852,1.005622
853,1.091868
854,1.165724
855,1.219504
856,1.249355
857,1.240651
858,1.176922
859,1.093071
860,1.046476
861,1.018895
862,1.012628
863,1.038628
864,1.082848
865,1.085116
866,1.105290
867,1.134243
868,1.133241
869,1.112157
870,1.081038
871,1.044425
872,1.029046
873,1.053866
874,1.070874
875,1.075820
876,1.103295
877,1.132435
878,1.162166
879,1.173488
880,1.196239
881,1.215833
882,1.230295
883,1.234121
884,1.231852
885,1.270028
886,1.317341
887,1.377844
888,1.434695
889,1.473040
890,1.489201
891,1.484097
892,1.451215
893,1.388552
894,1.331519
895,1.305014
896,1.305729
897,1.316402
898,1.334540
899,1.360479
900,1.408133
901,1.445995
902,1.451448
903,1.428930
904,1.391473
905,1.339241
906,1.288395
907,1.278097
908,1.273749
909,1.277410
910,1.311454
911,1.352878
912,1.366267
913,1.369112
914,1.341566
915,1.301886
916,1.261366
917,1.219925
918,1.173365
919,1.175855
920,1.113289
921,1.086255
922,1.056901
923,1.006876
924,0.955244
925,0.908603
926,0.878840
927,0.861089
928,0.840691
929,0.795263
930,0.745564
931,0.720886
932,0.690307
933,0.668502
934,0.649089
935,0.633531
936,0.640354
937,0.664961
938,0.706089
939,0.742691
940,0.772306
941,0.786378
942,0.776348
943,0.754232
944,0.737471
945,0.722893
946,0.703702
947,0.695237
948,0.707616
949,0.731512
950,0.765861
951,0.794636
952,0.816723
953,0.820734
954,0.832987
955,0.818850
956,0.791700
957,0.785602
958,0.782227
959,0.791213
960,0.806618
961,0.823400
962,0.819044
963,0.827814
964,0.847794
965,0.865397
966,0.874868
967,0.892788
968,0.908460
969,0.934950
970,0.946146
971,0.945787
972,0.955283
973,0.955152
974,0.948650
975,0.937829
976,0.926998
977,0.914606
978,0.913179
979,0.916587
980,0.922988
981,0.924813
982,0.933674
983,0.931757
984,0.928310
985,0.920784
986,0.914875
987,0.923070
988,0.929240
989,0.928584
990,0.937811
991,0.957306
992,0.975978
993,0.994338
994,1.001521
995,1.001432
996,1.005115
997,1.015777
998,1.036366
999,1.056998
1000,1.075140
1001,1.071387
1002,1.074219
1003,1.058029
1004,1.021461
1005,0.995963
1006,0.971410
1007,0.946733
1008,0.940168
1009,0.947679
1010,0.954960
1011,0.967996
1012,0.989955
1013,1.008623
1014,1.025905
1015,1.034405
1016,1.044311
1017,1.050396
1018,1.064283
1019,1.078914
1020,1.095136
1021,1.109389
1022,1.125820
1023,1.135531
1024,1.142487
1025,1.133643
1026,1.127611
1027,1.112438
1028,1.096738
1029,1.081967
1030,1.074472
1031,1.059842
1032,1.040083
1033,1.023458
1034,1.006076
1035,0.974611
1036,0.943802
1037,0.919292
1038,0.897902
1039,0.882103
1040,0.882852
1041,0.889032
1042,0.895625
1043,0.900171
1044,0.908649
1045,0.933795
1046,0.960865
1047,0.975320
1048,0.994903
1049,1.006627
1050,1.022984
1051,1.043818
1052,1.064532
1053,1.088754
1054,1.103566
1055,1.104761
1056,1.085280
1057,1.067513
1058,1.040423
1059,1.014159
1060,0.989518
1061,0.981079
1062,0.981418
1063,0.991758
1064,0.997470
1065,1.002928
1066,1.010811
1067,1.004206
1068,0.992288
1069,1.002867
1070,1.022745
1071,1.052492
1072,1.082430
1073,1.087858
1074,1.092274
1075,1.079778
1076,1.056711
1077,1.028048
1078,1.006278
1079,0.990660
1080,0.968444
1081,0.957322
1082,0.953727
1083,0.965868
1084,0.981023
1085,0.994498
1086,1.006584
1087,1.028143
1088,1.059810
1089,1.099247
1090,1.133258
1091,1.152286
1092,1.161419
1093,1.145013
1094,1.112092
1095,1.071551
1096,1.032612
1097,1.006413
1098,0.997203
1099,1.008921
1100,1.012909
1101,1.021772
1102,1.036210
1103,1.062435
1104,1.082995
1105,1.097026
1106,1.098572
1107,1.089684
1108,1.075564
1109,1.054708
1110,1.033703
1111,1.016761
1112,1.012679
1113,1.012631
1114,1.018718
1115,1.015878
1116,1.007879
1117,0.999130
1118,0.979885
1119,0.954787
1120,0.937092
1121,0.944439
1122,0.960158
1123,0.968987
1124,0.973112
1125,0.956973
1126,0.939056
1127,0.922169
1128,0.905343
1129,0.900690
1130,0.924972
1131,0.936828
1132,0.963549
1133,0.974574
1134,0.965377
1135,0.959533
1136,0.944907
1137,0.946725
1138,0.950087
1139,0.953389
1140,0.970075
1141,0.990869
1142,1.060037
1143,1.081779
1144,1.093364
1145,1.088356
1146,1.069764
1147,1.044868
1148,1.027990
1149,1.013321
1150,0.995871
1151,0.995036
1152,0.990688
1153,0.994225
1154,0.985447
1155,0.966984
1156,0.956108
1157,0.955668
1158,0.946290
1159,0.954236
1160,0.974629
1161,0.996304
1162,1.006538
1163,1.012953
1164,1.006430
1165,1.006761
1166,1.004640
1167,1.008291
1168,1.009198
1169,1.018958
1170,1.019661
1171,1.021469
1172,1.022600
1173,1.015017
1174,1.004780
1175,1.004541
1176,1.013033
1177,1.017215
1178,1.024370
1179,1.029625
1180,1.037478
1181,1.040128
1182,1.032915
1183,1.028027
1184,1.026809
1185,1.025533
1186,1.030033
1187,1.034041
1188,1.038496
1189,1.044102
1190,1.047970
1191,1.053031
1192,1.069718
1193,1.076697
1194,1.070537
1195,1.066250
1196,1.060482
1197,1.053926
1198,1.039992
1199,1.026984
1200,1.012995
1201,0.996352
1202,0.995425
1203,1.001272
1204,1.006596
1205,1.008452
1206,1.011482
1207,1.010665
1208,1.009751
1209,1.006350
1210,1.005867
1211,1.006465
1212,1.013476
1213,1.013308
1214,1.009054
1215,1.019161
1216,1.019109
1217,1.018860
1218,1.025180
1219,1.026618
1220,1.028385
1221,1.030350
1222,1.023667
1223,1.021974
1224,1.023572
1225,1.025294
1226,1.022049
1227,1.007752
1228,1.000638
1229,0.994127
1230,0.992160
1231,1.000833
1232,1.019237
1233,1.026512
1234,1.029815
1235,1.019581
1236,1.008293
1237,1.010679
1238,1.013488
1239,1.026237
1240,1.026405
1241,1.023164
1242,1.014989
1243,1.006156
1244,1.008351
1245,1.007747
1246,1.007559
1247,1.007948
1248,1.006008
1249,1.006446
1250,1.009610
1251,1.014313
1252,1.016539
1253,1.007724
1254,1.011498
1255,1.009751
1256,1.012058
1257,1.006445
1258,1.006355
1259,1.006275
1260,1.011489
1261,1.006755
1262,1.009066
1263,1.013651
1264,1.013190
1265,1.014468
1266,1.011246
1267,1.013288
1268,1.014184
1269,1.010882
1270,1.010724
1271,1.013806
1272,1.012545
1273,1.010294
1274,1.010436
1275,1.012189
1276,1.020759
1277,1.024262
1278,1.019589
1279,1.017684
1280,1.016226
1281,1.023787
1282,1.023073
1283,1.022755
1284,1.018251
1285,1.026076
1286,1.021805
1287,1.019003
1288,1.024865
1289,1.026304
1290,1.028128
1291,1.022427
1292,1.017784
1293,1.015670
1294,1.006459
1295,1.008759
1296,1.006172
1297,1.007061
1298,1.010361
1299,1.004529
1300,1.003715
1301,1.009973
1302,1.008237
1303,1.008189
1304,0.998470
1305,0.982157
1306,0.969114
1307,0.965962
1308,0.967045
1309,0.970117
1310,0.965394
1311,0.968054
1312,0.970752
1313,0.969300
1314,0.952343
1315,0.930791
1316,0.916629
1317,0.897919
1318,0.875568
1319,0.870139
1320,0.876580
1321,0.878283
1322,0.878224
1323,0.877828
1324,0.874346
1325,0.871699
1326,0.868382
1327,0.871459
1328,0.883328
1329,0.878757
1330,0.859769
1331,0.838096
1332,0.817701
1333,0.797624
1334,0.772523
1335,0.750569
1336,0.741168
1337,0.726572
1338,0.715967
1339,0.715523
1340,0.703701
1341,0.690937
1342,0.684913
1343,0.679496
1344,0.673158
1345,0.683438
1346,0.679343
1347,0.685996
1348,0.686353
1349,0.662670
1350,0.657165
1351,0.623275
1352,0.544716
1353,0.493780
1354,0.447819
1355,0.413799
1356,0.391079
1357,0.356671
1358,0.333765
1359,0.338400
1360,0.321953
1361,0.364979
1362,0.531765
1363,0.805094
1364,1.272207
1365,1.853677
1366,2.211288
1367,2.075958
1368,1.787068
1369,1.505527
1370,1.526417
1371,1.901575
1372,2.542266
1373,2.826705
1374,3.838880
1375,6.224978
1376,7.396998
1377,6.268018
1378,4.132732
1379,2.210592
1380,1.026248
1381,1.043061
1382,1.074385
1383,1.523880
1384,2.234820
1385,2.488041
1386,2.369264
1387,2.135487
1388,1.917776
1389,1.710530
1390,1.509305
1391,1.284042
1392,1.052560
1393,0.852821
1394,0.686841
1395,0.547481
1396,0.450738
1397,0.384957
1398,0.380585
1399,0.430110
1400,0.504149
1401,0.585382
1402,0.668532
1403,0.740737
1404,0.797354
1405,0.860479
1406,0.928527
1407,1.005832
1408,1.092576
1409,1.146442
1410,1.136273
1411,1.079664
1412,1.021379
1413,0.977975
1414,0.962917
1415,0.993538
1416,0.976666
1417,0.957482
1418,0.939119
1419,0.944658
1420,0.957872
1421,0.968547
1422,0.980288
1423,0.984140
1424,0.993854
1425,0.995046
1426,0.991707
1427,0.986178
1428,0.998471
1429,1.016835
1430,1.028271
1431,1.051522
1432,1.063930
1433,1.059728
1434,1.063564
1435,1.055751
1436,1.053651
1437,1.069551
1438,1.089194
1439,1.103780
1440,1.097055
1441,1.081797
1442,1.087613
1443,1.094180
1444,1.068835
1445,1.040879
1446,1.020975
1447,1.011874
1448,0.992085
1449,0.977308
1450,0.961420
1451,0.957067
1452,0.959721
1453,0.964604
1454,0.968089
1455,0.975930
1456,0.973342
1457,0.968236
1458,0.978076
1459,1.002521
1460,1.010260
1461,1.010248
1462,1.019283
1463,1.024609
1464,1.029181
1465,1.026650
1466,1.021237
1467,1.017286
1468,1.023923
1469,1.029087
1470,1.034112
1471,1.035814
1472,1.033589
1473,1.026279
1474,1.022527
1475,1.016417
1476,1.002784
1477,0.987101
1478,0.995739
1479,1.012242
1480,1.019353
1481,1.013521
1482,1.016971
1483,1.013525
1484,1.000422
1485,0.985802
1486,0.980805
1487,0.982896
1488,0.987336
1489,1.000584
1490,1.016050
1491,1.025477
1492,1.034452
1493,1.043838
1494,1.047772
1495,1.041394
1496,1.025532
1497,1.017797
1498,1.004128
1499,1.000245
1500,0.996051
1501,0.994709
1502,0.985533
1503,0.972100
1504,0.959883
1505,0.951948
1506,0.957869
1507,0.964369
1508,0.979603
1509,1.000838
1510,1.025961
1511,1.044177
1512,1.056116
1513,1.053440
1514,1.057331
1515,1.058143
1516,1.069111
1517,1.079655
1518,1.092665
1519,1.099543
1520,1.099079
1521,1.092744
1522,1.073265
1523,1.061493
1524,1.059421
1525,1.057786
1526,1.051996
1527,1.028766
1528,1.010165
1529,0.996649
1530,0.973019
1531,0.950375
1532,0.935887
1533,0.930116
1534,0.933707
1535,0.939875
1536,0.947575
1537,0.960223
1538,0.975702
1539,0.979876
1540,0.977174
1541,0.985158
1542,0.990614
1543,1.007504
1544,1.039329
1545,1.083023
1546,1.066778
1547,1.053055
1548,1.050860
1549,1.066633
1550,1.089932
1551,1.098412
1552,1.100543
1553,1.102582
1554,1.131103
1555,1.167441
1556,1.186720
1557,1.197005
1558,1.197958
1559,1.188744
1560,1.152238
1561,1.092677
1562,1.045297
1563,1.031412
1564,1.046458
1565,1.085201
1566,1.136729
1567,1.182511
1568,1.225522
1569,1.251597
1570,1.219962
1571,1.157877
1572,1.112762
1573,1.074998
1574,1.058717
1575,1.068592
1576,1.091116
1577,1.125206
1578,1.174734
1579,1.227347
1580,1.245196
1581,1.247583
1582,1.233304
1583,1.208598
1584,1.184067
1585,1.165590
1586,1.175714
1587,1.193063
1588,1.186788
1589,1.169700
1590,1.137453
1591,1.109346
1592,1.086768
1593,1.079814
1594,1.092951
1595,1.107749
1596,1.106850
1597,1.084791
1598,1.047290
1599,1.025261
1600,1.031289
1601,1.034080
1602,1.029951
1603,1.019085
1604,1.023380
1605,1.036538
1606,1.075781
1607,1.102488
1608,1.098063
1609,1.063664
1610,1.048917
1611,1.043631
1612,1.076098
1613,1.123554
1614,1.161217
1615,1.233231
1616,1.320443
1617,1.376767
1618,1.410250
1619,1.412624
1620,1.357031
1621,1.303593
1622,1.263529
1623,1.258726
1624,1.286026
1625,1.323659
1626,1.357606
1627,1.379725
1628,1.386132
1629,1.392915
1630,1.389761
1631,1.370567
1632,1.328351
1633,1.298166
1634,1.290397
1635,1.305435
1636,1.316207
1637,1.287111
1638,1.241256
1639,1.215437
1640,1.194715
1641,1.174757
1642,1.172680
1643,1.170596
1644,1.145212
1645,1.100248
1646,1.070234
1647,0.985840
1648,0.940814
1649,0.903126
1650,0.868370
1651,0.830510
1652,0.801252
1653,0.780752
1654,0.775817
1655,0.793677
1656,0.798661
1657,0.794915
1658,0.785002
1659,0.768831
1660,0.742003
1661,0.697737
1662,0.653018
1663,0.628845
1664,0.638719
1665,0.653596
1666,0.673775
1667,0.708067
1668,0.737393
1669,0.760853
1670,0.782292
1671,0.781857
1672,0.777306
1673,0.774156
1674,0.774981
1675,0.758420
1676,0.737190
1677,0.737945
1678,0.738414
1679,0.738791
1680,0.745070
1681,0.743132
1682,0.747767
1683,0.746815
1684,0.741214
1685,0.734620
1686,0.732449
1687,0.723229
1688,0.702855
1689,0.702032
1690,0.702830
1691,0.724670
1692,0.757281
1693,0.801403
1694,0.826491
1695,0.875545
1696,0.920067
1697,0.977730
1698,1.019398
1699,1.046876
1700,1.072542
1701,1.087278
1702,1.086468
1703,1.085040
1704,1.084665
1705,1.078650
1706,1.077315
1707,1.074597
1708,1.061982
1709,1.056653
1710,1.050618
1711,1.036868
1712,1.001950
1713,0.962947
1714,0.926853
1715,0.890412
1716,0.876446
1717,0.871826
1718,0.881654
1719,0.900105
1720,0.925783
1721,0.955099
1722,0.997656
1723,1.040003
1724,1.064025
1725,1.077152
1726,1.072160
1727,1.060505
1728,1.048203
1729,1.054906
1730,1.076387
1731,1.097675
1732,1.108023
1733,1.097056
1734,1.092652
1735,1.086917
1736,1.081607
1737,1.083178
1738,1.094384
1739,1.105090
1740,1.120165
1741,1.127552
1742,1.123520
1743,1.102292
1744,1.086452
1745,1.076030
1746,1.064923
1747,1.065332
1748,1.063539
1749,1.071643
1750,1.085813
1751,1.094413
1752,1.094539
1753,1.092923
1754,1.081469
1755,1.053514
1756,1.021949
1757,0.999759
1758,0.977533
1759,0.953027
1760,0.927655
1761,0.918198
1762,0.916423
1763,0.913026
1764,0.917865
1765,0.929540
1766,0.940958
1767,0.956479
1768,0.973443
1769,0.984969
1770,1.005701
1771,1.039462
1772,1.063799
1773,1.076086
1774,1.081644
1775,1.070982
1776,1.044736
1777,1.034655
1778,1.011404
1779,0.983428
1780,0.968505
1781,0.964733
1782,0.976712
1783,1.002832
1784,1.038658
1785,1.079346
1786,1.114631
1787,1.142521
1788,1.139900
1789,1.120063
1790,1.082312
1791,1.032874
1792,0.989375
1793,0.965626
1794,0.956532
1795,0.957853
1796,0.962632
1797,0.967501
1798,0.969299
1799,0.964491
1800,0.971594
1801,0.968888
1802,0.967877
1803,0.967486
1804,0.979284
1805,0.990796
1806,1.018514
1807,1.043554
1808,1.060618
1809,1.080646
1810,1.082626
1811,1.075648
1812,1.057403
1813,1.038462
1814,1.025707
1815,1.014728
1816,1.011803
1817,1.019964
1818,1.034060
1819,1.055778
1820,1.064215
1821,1.069316
1822,1.060675
1823,1.043569
1824,1.028535
1825,1.021472
1826,1.009171
1827,1.000237
1828,0.988938
1829,0.978945
1830,0.980706
1831,0.987190
1832,0.993513
1833,1.003256
1834,1.010239
1835,1.007414
1836,1.003035
1837,1.000588
1838,1.000590
1839,1.003310
1840,0.999289
1841,0.985999
1842,0.975214
1843,0.960049
1844,0.953201
1845,0.950461
1846,0.966271
1847,0.984555
1848,1.016834
1849,1.066787
1850,1.108677
1851,1.136609
1852,1.135054
1853,1.114618
1854,1.078863
1855,1.048556
1856,1.038197
1857,1.029649
1858,1.030710
1859,1.033928
1860,1.045378
1861,1.065772
1862,1.081736
1863,1.094496
1864,1.092467
1865,1.087273
1866,1.078067
1867,1.059433
1868,1.027839
1869,0.991055
1870,0.968321
1871,0.939916
1872,0.918813
1873,0.921834
1874,0.931489
1875,0.934744
1876,0.940740
1877,0.946625
1878,0.949778
1879,0.960855
1880,0.968913
1881,0.966265
1882,0.954630
1883,0.941684
1884,0.929773
1885,0.924054
1886,0.935346
1887,0.952332
1888,0.978291
1889,1.016547
1890,1.047402
1891,1.077257
1892,1.113966
1893,1.143843
1894,1.168208
1895,1.181765
1896,1.175789
1897,1.155054
1898,1.116885
1899,1.073875
1900,1.044004
1901,1.009459
1902,0.983385
1903,0.970302
1904,0.957377
1905,0.942586
1906,0.931116
1907,0.930644
1908,0.935451
1909,0.940578
1910,0.957052
1911,0.973803
1912,0.996162
1913,1.019484
1914,1.051817
1915,1.104923
1916,1.163052
1917,1.192112
1918,1.232229
1919,1.229029
1920,1.185198
1921,1.091568
1922,1.005473
1923,0.940340
1924,0.879810
1925,0.849278
1926,0.837518
1927,0.856897
1928,0.893042
1929,0.929191
1930,0.972174
1931,1.013961
1932,1.049911
1933,1.079669
1934,1.100174
1935,1.117434
1936,1.129713
1937,1.124226
1938,1.109545
1939,1.095504
1940,1.074577
1941,1.042243
1942,1.015409
1943,1.000066
1944,0.988591
1945,0.985492
1946,0.976807
1947,0.965919
1948,0.954144
1949,0.954884
1950,0.953594
1951,0.961148
1952,0.963069
1953,0.968691
1954,0.978184
1955,0.989609
1956,0.997612
1957,1.000891
1958,1.018276
1959,1.029528
1960,1.030778
1961,1.040116
1962,1.032490
1963,1.021226
1964,1.019142
1965,1.009969
1966,1.005809
1967,1.000175
1968,0.995562
1969,0.999091
1970,1.004347
1971,1.013691
1972,1.014883
1973,1.012451
1974,1.014125
1975,1.015971
1976,1.021667
1977,1.027898
1978,1.021106
1979,1.019472
1980,1.018421
1981,1.014435
1982,1.018576
1983,1.030341
1984,1.033668
1985,1.028075
1986,1.015002
1987,1.010991
1988,1.009190
1989,1.006939
1990,1.010332
1991,1.005000
1992,1.000021
1993,1.001835
1994,1.006481
1995,1.012002
1996,1.017209
1997,1.019625
1998,1.016575
1999,1.015536
2000,1.002710
2001,0.997406
2002,1.009578
2003,1.019124
2004,1.022921
2005,1.021967
2006,1.014923
2007,1.013283
2008,1.011505
2009,1.009153
2010,1.016279
2011,1.022649
2012,1.027381
2013,1.029817
2014,1.028055
2015,1.024929
2016,1.021839
2017,1.020184
2018,1.020309
2019,1.019486
2020,1.012917
2021,1.016043
2022,1.023193
2023,1.020765
2024,1.018692
2025,1.014234
2026,1.009881
2027,1.012720
2028,1.013873
2029,1.009449
2030,1.007547
2031,1.015654
2032,1.019305
2033,1.018426
2034,1.010623
2035,1.010029
2036,1.004201
2037,0.997155
2038,0.988575
2039,0.988091
2040,0.993124
2041,1.008772
2042,1.022222
2043,1.030914
2044,1.020752
2045,1.017830
2046,1.021050
2047,1.028359
2048,1.031584
2049,1.034504
2050,1.022790
2051,1.018128
2052,1.024066
2053,1.022989
2054,1.038082
2055,1.014508
2056,1.010212
2057,0.996889
2058,1.003690
2059,1.004651
2060,1.015588
2061,1.025221
2062,1.030557
2063,1.026141
2064,1.022297
2065,1.022056
2066,1.006996
2067,1.009053
2068,1.014644
2069,1.017139
2070,1.015226
2071,1.019059
2072,1.020909
2073,1.020295
2074,1.020096
2075,1.006977
2076,0.998724
2077,0.986418
2078,1.011636
2079,1.005275
2080,1.000334
2081,1.007568
2082,1.011122
2083,1.012930
2084,1.008247
2085,1.009682
2086,1.007928
2087,1.006927
2088,1.016058
2089,1.006885
2090,1.006249
2091,1.011671
2092,1.022564
2093,1.022829
2094,1.014814
2095,1.009514
2096,1.001404
2097,0.994976
2098,0.997943
2099,1.006006
2100,1.003444
2101,1.013292
2102,1.019225
2103,1.018573
2104,1.011728
2105,1.003953
2106,0.998694
2107,0.993860
2108,0.991526
2109,0.989526
2110,0.984163
2111,0.997418
2112,1.005664
2113,1.006065
2114,1.008897
2115,1.008743
2116,1.012282
2117,1.014798
2118,1.008058
2119,1.000621
2120,0.992365
2121,0.990185
2122,0.988052
2123,0.989783
2124,0.998160
2125,0.994488
2126,0.996193
2127,0.989215
2128,0.991442
2129,0.995300
2130,1.000643
2131,1.006069
2132,1.008254
2133,1.008727
2134,1.009391
2135,1.001518
2136,0.992943
2137,0.985973
2138,0.983861
2139,0.990170
2140,0.993349
2141,0.984226
2142,0.985839
2143,0.988547
2144,0.983369
2145,0.976736
2146,0.977446
2147,0.966532
2148,0.964331
2149,0.965795
2150,0.969953
2151,0.971941
2152,0.963283
2153,0.959138
2154,0.963752
2155,0.966072
2156,0.965106
2157,0.966606
2158,0.965513
2159,0.958666
2160,0.951758
2161,0.945510
2162,0.939279
2163,0.938699
2164,0.936760
2165,0.938076
2166,0.941289
2167,0.944278
2168,0.936279
2169,0.922756
2170,0.919303
2171,0.923027
2172,0.917636
2173,0.903413
2174,0.895642
2175,0.889772
2176,0.888823
2177,0.896193
2178,0.890619
2179,0.874503
2180,0.854160
2181,0.830844
2182,0.808938
2183,0.795825
2184,0.778780
2185,0.762968
2186,0.751905
2187,0.736063
2188,0.720770
2189,0.695530
2190,0.687839
2191,0.673272
2192,0.666600
2193,0.671178
2194,0.672027
2195,0.662421
2196,0.644711
2197,0.598019
2198,0.561968
2199,0.514734
2200,0.471341
2201,0.447684
2202,0.434340
2203,0.421767
2204,0.428463
2205,0.449092
2206,0.502050
2207,0.509451
2208,0.500702
2209,0.482136
2210,0.443407
2211,0.374087
2212,0.344306
2213,0.324158
2214,0.292438
2215,0.274008
2216,0.274567
2217,0.302788
2218,0.347542
2219,0.451115
2220,0.585264
2221,0.716962
2222,0.830798
2223,0.933542
2224,0.990103
2225,1.034337
2226,1.145627
2227,1.489384
2228,1.957952
2229,2.386817
2230,2.397586
2231,1.975714
2232,1.341652
2233,0.893364
2234,1.404082
2235,2.578400
2236,3.574222
2237,3.795551
2238,3.765964
2239,3.897362
2240,3.802277
2241,3.453813
2242,3.225054
2243,3.380322
2244,3.731993
2245,3.855481
2246,3.598430
2247,2.996395
2248,2.280240
2249,1.539611
2250,0.932061
2251,0.616573
2252,0.480424
2253,0.404782
2254,0.348696
2255,0.306533
2256,0.304689
2257,0.291196
2258,0.311235
2259,0.365296
2260,0.414908
2261,0.469343
2262,0.585068
2263,0.823081
2264,1.096277
2265,1.263273
2266,1.332241
2267,1.264952
2268,1.151616
2269,1.075268
2270,1.025782
2271,1.037340
2272,1.115485
2273,1.152626
2274,1.152165
2275,1.138590
2276,1.100662
2277,1.052106
2278,1.029948
2279,1.015452
2280,0.997520
2281,0.987149
2282,0.977465
2283,0.988808
2284,0.999764
2285,1.008944
2286,1.023490
2287,1.028612
2288,1.020269
2289,1.023360
2290,1.040417
2291,1.050288
2292,1.036232
2293,1.027310
2294,1.028780
2295,1.035490
2296,1.045406
2297,1.041874
2298,1.039516
2299,1.062654
2300,1.052875
2301,1.029670
2302,1.019314
2303,1.023432
2304,1.035941
2305,1.040393
2306,1.044243
2307,1.050105
2308,1.028401
2309,1.035890
2310,1.026759
2311,0.997326
2312,0.998920
2313,0.993763
2314,0.981910
2315,0.975031
2316,0.976134
2317,0.987532
2318,0.979817
2319,0.989537
2320,1.002130
2321,1.012290
2322,1.015021
2323,1.020953
2324,1.015975
2325,1.011229
2326,1.013171
2327,1.031890
2328,1.061324
2329,1.065436
2330,1.056744
2331,1.042900
2332,1.031270
2333,1.027490
2334,1.023389
2335,1.018860
2336,1.012607
2337,1.013433
2338,1.008257
2339,0.989847
2340,0.976342
2341,0.983114
2342,0.985773
2343,0.977261
2344,0.965336
2345,0.957125
2346,0.964581
2347,0.972953
2348,0.985802
2349,0.997619
2350,1.023669
2351,1.046050
2352,1.044707
2353,1.047700
2354,1.056207
2355,1.053972
2356,1.039629
2357,1.030201
2358,1.031625
2359,1.032042
2360,1.031779
2361,1.022847
2362,1.018915
2363,1.018854
2364,1.017142
2365,1.010473
2366,1.012954
2367,1.015447
2368,1.012652
2369,1.016455
2370,1.020906
2371,1.025745
2372,1.026303
2373,1.022817
2374,1.026188
2375,1.029570
2376,1.027727
2377,1.032891
2378,1.042205
2379,1.041538
2380,1.034358
2381,1.042205
2382,1.038342
2383,1.030933
2384,1.022060
2385,1.018093
2386,1.013364
2387,1.002652
2388,1.006194
2389,1.013170
2390,1.028407
2391,1.057728
2392,1.078786
2393,1.099373
2394,1.102942
2395,1.102370
2396,1.091967
2397,1.072081
2398,1.056779
2399,1.054011
2400,1.059272
2401,1.053631
2402,1.048145
2403,1.040511
2404,1.022930
2405,1.012200
2406,1.001457
2407,0.996943
2408,0.983938
2409,0.990511
2410,1.000839
2411,0.998060
2412,0.998795
2413,0.999317
2414,0.998674
2415,1.005026
2416,1.001354
2417,1.000050
2418,0.904166
2419,0.936450
2420,0.955716
2421,0.952389
2422,0.950884
2423,0.957710
2424,0.971676
2425,0.998404
2426,1.037919
2427,1.070773
2428,1.102683
2429,1.154539
2430,1.197709
2431,1.279783
2432,1.323203
2433,1.356573
2434,1.378747
2435,1.375178
2436,1.380024
2437,1.391623
2438,1.400389
2439,1.393275
2440,1.364422
2441,1.339252
2442,1.335459
2443,1.338776
2444,1.353376
2445,1.364175
2446,1.349031
2447,1.325729
2448,1.302059
2449,1.274439
2450,1.245486
2451,1.220959
2452,1.208858
2453,1.197167
2454,1.171767
2455,1.164191
2456,1.158644
2457,1.151824
2458,1.153284
2459,1.156552
2460,1.162217
2461,1.134771
2462,1.127389
2463,1.114951
2464,1.110004
2465,1.099547
2466,1.099380
2467,1.095824
2468,1.083557
2469,1.076668
2470,1.063686
2471,1.057985
2472,1.047684
2473,1.064756
2474,1.105727
2475,1.127007
2476,1.137546
2477,1.151912
2478,1.164958
2479,1.174858
2480,1.181404
2481,1.186965
2482,1.173313
2483,1.161992
2484,1.136877
2485,1.110523
2486,1.065125
2487,0.989941
2488,0.930801
2489,0.852359
2490,0.781696
2491,0.724563
2492,0.671273
2493,0.643436
2494,0.636242
2495,0.637227
2496,0.642371
2497,0.654036
2498,0.665575
2499,0.671722
2500,0.669156
2501,0.671826
2502,0.684838
2503,0.695201
2504,0.716568
2505,0.730539
2506,0.741426
2507,0.760314
2508,0.771680
2509,0.768469
2510,0.762009
2511,0.746851
2512,0.733579
2513,0.712262
2514,0.686328
2515,0.674734
2516,0.676980
2517,0.703921
2518,0.790402
2519,0.877975
2520,0.991089
2521,0.992493
2522,0.995227
2523,0.995622
2524,1.011855
2525,1.017632
2526,1.030567
2527,1.019729
2528,1.012486
2529,1.002438
2530,1.010202
2531,1.016458
2532,1.027263
2533,1.041799
2534,1.045845
2535,1.027768
2536,1.022044
2537,1.025427
2538,1.023096
2539,1.023102
2540,1.025052
2541,1.025406
2542,1.029992
2543,1.024652
2544,1.027531
2545,1.014692
2546,1.031632
2547,1.018770
2548,1.006062
2549,0.995523
2550,0.991021
2551,0.991103
2552,0.994611
2553,0.982992
2554,0.989341
2555,0.985636
2556,0.982389
2557,0.976714
2558,0.968229
2559,0.956610
2560,0.955978
2561,0.957784
2562,0.965999
2563,0.958687
2564,0.951161
2565,0.962162
2566,0.994143
2567,1.020797
2568,1.033279
2569,1.021547
2570,1.011200
2571,0.999405
2572,0.987004
2573,0.997312
2574,0.995411
2575,0.998477
2576,1.001350
2577,1.002257
2578,1.003470
2579,1.012097
2580,1.028128
2581,1.052549
2582,1.064229
2583,1.065935
2584,1.069987
2585,1.008013
2586,1.019970
2587,1.023919
2588,1.025990
2589,1.024253
2590,1.009950
2591,0.986757
2592,0.961212
2593,0.947736
2594,0.948565
2595,0.955623
2596,0.974127
2597,0.999239
2598,1.018434
2599,1.031664
2600,1.039480
2601,1.051936
2602,1.067481
2603,1.081903
2604,1.081727
2605,1.068453
2606,1.041664
2607,1.015116
2608,0.984535
2609,0.959769
2610,0.949557
2611,0.943778
2612,0.939293
2613,0.938744
2614,0.937366
2615,0.953477
2616,0.962520
2617,0.975706
2618,0.991035
2619,1.002285
2620,1.015344
2621,1.024924
2622,1.039184
2623,1.051213
2624,1.064614
2625,1.080970
2626,1.108746
2627,1.131520
2628,1.155759
2629,1.163962
2630,1.157768
2631,1.116654
2632,1.056267
2633,0.997032
2634,0.964430
2635,0.947303
2636,0.930341
2637,0.925775
2638,0.935114
2639,0.966322
2640,1.008299
2641,1.039327
2642,1.057203
2643,1.048883
2644,1.029047
2645,1.009828
2646,0.985105
2647,0.964825
2648,0.951480
2649,0.945763
2650,0.941645
2651,0.938964
2652,0.928392
2653,0.902936
2654,0.877674
2655,0.837441
2656,0.799667
2657,0.758063
2658,0.713530
2659,0.691047
2660,0.675573
2661,0.663643
2662,0.670266
2663,0.679135
2664,0.678623
2665,0.685078
2666,0.723641
2667,0.781288
2668,0.832384
2669,0.867930
2670,0.868040
2671,0.847359
2672,0.774465
2673,0.701033
2674,0.633788
2675,0.575609
2676,0.535074
2677,0.528351
2678,0.517153
2679,0.498151
2680,0.489349
2681,0.485653
2682,0.483135
2683,0.495975
2684,0.497892
2685,0.501350
2686,0.449248
2687,0.407277
2688,0.469507
2689,0.512000
2690,0.509804
2691,0.618900
2692,0.741016
2693,0.780010
2694,0.717523
2695,0.663262
2696,0.740088
2697,0.867627
2698,1.060976
2699,1.328157
2700,1.706872
2701,2.022561
2702,2.188077
2703,2.353731
2704,2.662602
2705,2.940475
2706,3.064127
2707,2.948581
2708,2.906892
2709,2.969061
2710,2.956801
2711,2.982489
2712,2.935130
2713,1.700788
2714,1.228357
2715,1.145385
2716,0.841681
2717,0.421708
2718,0.931560
2719,1.611886
2720,1.745598
2721,1.372232
2722,1.957159
2723,3.443927
2724,4.334668
2725,3.960219
2726,3.149605
2727,3.603977
2728,4.565588
2729,4.248004
2730,3.067832
2731,2.008791
2732,1.664347
2733,1.617978
2734,1.470496
2735,1.323619
2736,1.195752
2737,1.129601
2738,1.124436
2739,1.107344
2740,1.106286
2741,1.063959
2742,0.963362
2743,0.889251
2744,0.883999
2745,0.856491
2746,0.827484
2747,0.872128
2748,0.936056
2749,1.000771
2750,1.045427
2751,1.052699
2752,1.007656
2753,0.959701
2754,0.982202
2755,1.042389
2756,1.153524
2757,1.219207
2758,1.247543
2759,1.206549
2760,1.117933
2761,1.035556
2762,0.990904
2763,0.947225
2764,0.897068
2765,0.864151
2766,0.904571
2767,1.017321
2768,1.295349
2769,1.678511
2770,1.973241
2771,1.814219
2772,1.525888
2773,1.169562
2774,0.857986
2775,0.806722
2776,0.874901
2777,0.994017
2778,1.119352
2779,1.134793
2780,1.104945
2781,1.121814
2782,1.095962
2783,1.059354
2784,1.025046
2785,0.996349
2786,0.988291
2787,0.979273
2788,0.974950
2789,0.984386
2790,0.997126
2791,0.986002
2792,0.958365
2793,0.934625
2794,0.928289
2795,0.941826
2796,0.976020
2797,1.021272
2798,1.035651
2799,1.051026
2800,1.052816
2801,1.030064
2802,1.006712
2803,0.995482
2804,0.986363
2805,0.972084
2806,0.950189
2807,0.930752
2808,0.917637
2809,0.925166
2810,0.954174
2811,0.983871
2812,0.988347
2813,0.976352
2814,0.957416
2815,0.937016
2816,0.918782
2817,0.935951
2818,0.967699
2819,0.979123
2820,0.998469
2821,1.015976
2822,1.016821
2823,1.009094
2824,1.004214
2825,0.999509
2826,1.006026
2827,1.026561
2828,1.034703
2829,1.033123
2830,1.023818
2831,1.024928
2832,1.025417
2833,1.025740
2834,1.026648
2835,1.011737
2836,1.001030
2837,0.984507
2838,0.976394
2839,0.964294
2840,0.961219
2841,0.970871
2842,0.994328
2843,1.016234
2844,1.009683
2845,0.979043
2846,0.958318
2847,0.963634
2848,0.980875
2849,1.025639
2850,1.070612
2851,1.076023
2852,1.025722
2853,0.972334
2854,0.937474
2855,0.929561
2856,0.938619
2857,0.911635
2858,0.884581
2859,0.870704
2860,0.862997
2861,0.856893
2862,0.849061
2863,0.855998
2864,0.851632
2865,0.857024
2866,0.885657
2867,0.902395
2868,0.880551
2869,0.866878
2870,0.908756
2871,0.955636
2872,0.972842
2873,0.950035
2874,0.943032
2875,0.971887
2876,1.028880
2877,1.155903
2878,1.231899
2879,1.297538
2880,1.390970
2881,1.489200
2882,1.545985
2883,1.531624
2884,1.454503
2885,1.266025
2886,1.033621
2887,0.807046
2888,0.681961
2889,0.670677
2890,0.712697
2891,0.748760
2892,0.841721
2893,0.970072
2894,1.081383
2895,1.162094
2896,1.168937
2897,1.137939
2898,1.084836
2899,1.044644
2900,0.998239
2901,1.017836
2902,1.031573
2903,1.038991
2904,1.042774
2905,1.044671
2906,1.076178
2907,1.115836
2908,1.150360
2909,1.173886
2910,1.157957
2911,1.121595
2912,1.070528
2913,1.020390
2914,1.003894
2915,0.996529
2916,0.986275
2917,0.956068
2918,0.908551
2919,0.873999
2920,0.871802
2921,0.894681
2922,0.922790
2923,0.936170
2924,0.953018
2925,0.969181
2926,0.979827
2927,0.999502
2928,1.016370
2929,1.023997
2930,1.023819
2931,1.019934
2932,0.992373
2933,0.965269
2934,0.979599
2935,0.985788
2936,0.994059
2937,1.001804
2938,1.024197
2939,1.039886
2940,1.053676
2941,1.053305
2942,1.051275
2943,1.059772
2944,1.055535
2945,1.014190
2946,0.976606
2947,1.001378
2948,1.028066
2949,1.031107
2950,1.020335
2951,0.991823
2952,0.991272
2953,0.971965
2954,0.928193
2955,0.894861
2956,0.858019
2957,0.854497
2958,0.883431
2959,0.909734
2960,0.926867
2961,0.934371
2962,0.893784
2963,0.881483
2964,0.894340
2965,0.911638
2966,0.906241
2967,0.882694
2968,0.867943
2969,0.871817
2970,0.884781
2971,0.879382
2972,0.860049
2973,0.848423
2974,0.858861
2975,0.886582
2976,0.912096
2977,0.931290
2978,0.964581
2979,1.004701
2980,1.029764
2981,1.038507
2982,1.006145
2983,0.979172
2984,0.933765
2985,0.883206
2986,0.872469
2987,0.903258
2988,0.925351
2989,0.932933
2990,0.919517
2991,0.948788
2992,1.031288
2993,1.106203
2994,1.165369
2995,1.226173
2996,1.265292
2997,1.342479
2998,1.424725
2999,1.494558
3000,1.554079
3001,1.569211
3002,1.523709
3003,1.462266
3004,1.368257
3005,1.278344
3006,1.154314
3007,1.055061
3008,0.965289
3009,0.897480
3010,0.869438
3011,0.845013
3012,0.836637
3013,0.824842
3014,0.806547
3015,0.848183
3016,0.876099
3017,0.901745
3018,0.938167
3019,0.986314
3020,0.998704
3021,1.008805
3022,1.035601
3023,1.039505
3024,1.042273
3025,0.983043
3026,0.910424
3027,0.980157
3028,1.086794
3029,1.177345
3030,1.239708
3031,1.240938
3032,1.231866
3033,1.189575
3034,1.131005
3035,1.106905
3036,1.092007
3037,1.193633
3038,1.370075
3039,1.496610
3040,1.542843
3041,1.423425
3042,1.210916
3043,1.001993
3044,0.800204
3045,0.632337
3046,0.579090
3047,0.684625
3048,0.843914
3049,1.010378
3050,1.076345
3051,1.111400
3052,1.129629
3053,1.107275
3054,1.051389
3055,0.995010
3056,0.921659
3057,0.891507
3058,0.915825
3059,0.953615
3060,1.006252
3061,1.048857
3062,1.048586
3063,1.032234
3064,1.005537
3065,0.986969
3066,0.943689
3067,0.881431
3068,0.891371
3069,0.893355
3070,0.916300
3071,0.947340
3072,1.038479
3073,1.140496
3074,1.225495
3075,1.297428
3076,1.322675
3077,1.293279
3078,1.288979
3079,1.402920
3080,1.537853
3081,1.706014
3082,1.953322
3083,2.271203
3084,2.465261
3085,2.529871
3086,2.459890
3087,2.252391
3088,1.985654
3089,1.719737
3090,1.472050
3091,1.266177
3092,1.110329
3093,1.004422
3094,1.001755
3095,1.060194
3096,1.137184
3097,1.205319
3098,1.240732
3099,1.272075
3100,1.236307
3101,1.179834
3102,1.122114
3103,1.063306
3104,1.076387
3105,1.115466
3106,1.184065
3107,1.259903
3108,1.336236
3109,1.363692
3110,1.327931
3111,1.232463
3112,1.115032
3113,0.998555
3114,0.926205
3115,0.899413
3116,0.894899
3117,0.911840
3118,0.914615
3119,0.915389
3120,0.919433
3121,0.859043
3122,0.796994
3123,0.733570
3124,0.650004
3125,0.630528
3126,0.633264
3127,0.692318
3128,0.731993
3129,0.777429
3130,0.797965
3131,0.792379
3132,0.768458
3133,0.729094
3134,0.700019
3135,0.698438
3136,0.733142
3137,0.786781
3138,0.853054
3139,0.910237
3140,0.965062
3141,1.009320
3142,1.056324
3143,1.114943
3144,1.183536
3145,1.280032
3146,1.364076
3147,1.417478
3148,1.453162
3149,1.460862
3150,1.417659
3151,1.341166
3152,1.238254
3153,1.134440
3154,1.066223
3155,1.023843
3156,0.978427
3157,0.920938
3158,0.882823
3159,0.847601
3160,0.801568
3161,0.761688
3162,0.743125
3163,0.725928
3164,0.715309
3165,0.712746
3166,0.719628
3167,0.744191
3168,0.756890
3169,0.772019
3170,0.765549
3171,0.743475
3172,0.726047
3173,0.691300
3174,0.686137
3175,0.657253
3176,0.636946
3177,0.634928
3178,0.644983
3179,0.648510
3180,0.685172
3181,0.747444
3182,0.817122
3183,0.880742
3184,0.906376
3185,0.943882
3186,0.960164
3187,0.943849
3188,0.938277
3189,0.932886
3190,0.927574
3191,0.938473
3192,0.938473
3193,0.979664
3194,1.063000
3195,1.132246
3196,1.215451
3197,1.306514
3198,1.368301
3199,1.385400
3200,1.420003
3201,1.432294
3202,1.420043
3203,1.345896
3204,1.248795
3205,1.137424
3206,1.016558
3207,0.900914
3208,0.839807
3209,0.812074
3210,0.801194
3211,0.850723
3212,0.880758
3213,0.903030
3214,0.928277
3215,0.938285
3216,0.929818
3217,0.956618
3218,0.978688
3219,0.988538
3220,1.022730
3221,1.093574
3222,1.174370
3223,1.245463
3224,1.310750
3225,1.374771
3226,1.439684
3227,1.508018
3228,1.570437
3229,1.611320
3230,1.611810
3231,1.569638
3232,1.481592
3233,1.379861
3234,1.274796
3235,1.172617
3236,1.068156
3237,0.980483
3238,0.912823
3239,0.868525
3240,0.840668
3241,0.821297
3242,0.820671
3243,0.831391
3244,0.855507
3245,0.885667
3246,0.894945
3247,0.891615
3248,0.866472
3249,0.848547
3250,0.813997
3251,0.776571
3252,0.739818
3253,0.689706
3254,0.651074
3255,0.620650
3256,0.622528
3257,0.645588
3258,0.669023
3259,0.675758
3260,0.661890
3261,0.649317
3262,0.658655
3263,0.682272
3264,0.729477
3265,0.802982
3266,0.876219
3267,0.926331
3268,0.944355
3269,0.923396
3270,0.865075
3271,0.809531
3272,0.799402
3273,0.808361
3274,0.867374
3275,0.921477
3276,0.979953
3277,1.061605
3278,1.126408
3279,1.165983
3280,1.189172
3281,1.193383
3282,1.179053
3283,1.143545
3284,1.130414
3285,1.112119
3286,1.142048
3287,1.199788
3288,1.234545
3289,1.284030
3290,1.304214
3291,1.288091
3292,1.255825
3293,1.200976
3294,1.140450
3295,1.097335
3296,1.058498
3297,1.044602
3298,1.064067
3299,1.080564
3300,1.091206
3301,1.086990
3302,1.066405
3303,1.021061
3304,0.977170
3305,0.948069
3306,0.900560
3307,0.880600
3308,0.879349
3309,0.936983
3310,1.049551
3311,1.182635
3312,1.288336
3313,1.332990
3314,1.345054
3315,1.334888
3316,1.289610
3317,1.204052
3318,1.092657
3319,1.006163
3320,0.970180
3321,0.995905
3322,1.038310
3323,1.111612
3324,1.204382
3325,1.294539
3326,1.343517
3327,1.358946
3328,1.313240
3329,1.206780
3330,1.088760
3331,1.016041
3332,0.956452
3333,0.931184
3334,0.938108
3335,0.966736
3336,0.976260
3337,0.977224
3338,0.953107
3339,0.934536
3340,0.902087
3341,0.907304
3342,0.909899
3343,0.902361
3344,0.910584
3345,0.918367
3346,0.942860
3347,0.952836
3348,0.956045
3349,0.946969
3350,0.924740
3351,0.906408
3352,0.907450
3353,0.921910
3354,0.929177
3355,0.955107
3356,0.992002
3357,1.035336
3358,1.054607
3359,1.062753
3360,1.066886
3361,1.066416
3362,1.046485
3363,1.032479
3364,1.013857
3365,1.001169
3366,1.009225
3367,1.036829
3368,1.051587
3369,1.053082
3370,1.032720
3371,0.995169
3372,0.969253
3373,0.944150
3374,0.906609
3375,0.875301
3376,0.845334
3377,0.823882
3378,0.834716
3379,0.867697
3380,0.924010
3381,0.973326
3382,0.987783
3383,0.989362
3384,0.975587
3385,1.008186
3386,1.091494
3387,1.168068
3388,1.232330
3389,1.248192
3390,1.168330
3391,1.075992
3392,1.000367
3393,0.936525
3394,0.896257
3395,0.879772
3396,0.898003
3397,0.945355
3398,0.981806
3399,1.019864
3400,1.060297
3401,1.069794
3402,1.063712
3403,1.044108
3404,1.016716
3405,0.996587
3406,1.006253
3407,1.008343
3408,1.006501
3409,1.016208
3410,1.016747
3411,1.017491
3412,1.021050
3413,1.016361
3414,1.011747
3415,1.011052
3416,1.013900
3417,1.019288
3418,1.021012
3419,1.019526
3420,1.014080
3421,1.001909
3422,0.987177
3423,0.994513
3424,1.000543
3425,1.002383
3426,1.012686
3427,1.009691
3428,1.007501
3429,1.009154
3430,1.009820
3431,1.016254
3432,1.032858
3433,1.034723
3434,1.036142
3435,1.037448
3436,1.045448
3437,1.055600
3438,1.060326
3439,1.057203
3440,1.028557
3441,1.012584
3442,1.006987
3443,0.999768
3444,1.001690
3445,1.013666
3446,1.024625
3447,1.020821
3448,1.014800
3449,1.006768
3450,1.013423
3451,1.022846
3452,1.029307
3453,1.029574
3454,1.015029
3455,1.017063
3456,1.024465
3457,1.026984
3458,1.025728
3459,1.011955
3460,1.001440
3461,0.998154
3462,1.001557
3463,1.004197
3464,1.001520
3465,1.000766
3466,1.009251
3467,1.017530
3468,1.022537
3469,1.028642
3470,1.036090
3471,1.035334
3472,1.029343
3473,1.029404
3474,1.021025
3475,1.021518
3476,1.018849
3477,1.013737
3478,1.007846
3479,1.015735
3480,1.019511
3481,1.015435
3482,1.008805
3483,1.002349
3484,1.005466
3485,1.008747
3486,1.009878
3487,1.008464
3488,1.009016
3489,1.007856
3490,1.007426
3491,1.015561
3492,1.007734
3493,1.003901
3494,1.002562
3495,0.993650
3496,1.004447
3497,1.013593
3498,1.015665
3499,1.016372
3500,10.723147
3501,1.009159
3502,1.016891
3503,1.024865
3504,1.027782
3505,1.030131
3506,1.043167
3507,1.057273
3508,1.071385
3509,1.078850
3510,1.076466
3511,1.065446
3512,1.045438
3513,1.028334
3514,1.019443
3515,1.016669
3516,1.015515
3517,1.014194
3518,1.014154
3519,1.013648
3520,1.013372
3521,1.005700
3522,0.997972
3523,0.985906
3524,0.984093
3525,0.986512
3526,1.008087
3527,1.016627
3528,1.014360
3529,1.026119
3530,1.051174
3531,1.066698
3532,1.078611
3533,1.085799
3534,1.087754
3535,1.076244
3536,1.064195
3537,1.051518
3538,1.037121
3539,1.037034
3540,1.031944
3541,1.029940
3542,1.013841
3543,1.016179
3544,1.008516
3545,0.988673
3546,0.970482
3547,0.970640
3548,0.971951
3549,0.972020
3550,0.983834
3551,0.993711
3552,0.992196
3553,1.003254
3554,0.996351
3555,0.940415
3556,0.929039
3557,0.933176
3558,0.941069
3559,0.974125
3560,0.988136
3561,0.992944
3562,0.990649
3563,0.996676
3564,0.993524
3565,0.977693
3566,0.970657
3567,0.977038
3568,0.984570
3569,1.014128
3570,1.032059
3571,1.037511
3572,1.036098
3573,1.013844
3574,0.995025
3575,0.994555
3576,0.984717
3577,0.971927
3578,0.968727
3579,0.983943
3580,1.003722
3581,1.018849
3582,1.023185
3583,1.034183
3584,1.037153
3585,1.023637
3586,1.018040
3587,1.006231
3588,1.008597
3589,1.013259
3590,1.002560
3591,1.005849
3592,1.003679
3593,1.015619
3594,1.024023
3595,1.022803
3596,1.018726
3597,1.005922
3598,1.004490
3599,1.002913
3600,1.006248
3601,1.002894
3602,1.009378
3603,1.020224
3604,1.026290
3605,1.027457
3606,1.028496
3607,1.031528
3608,1.022276
3609,1.022454
3610,1.015159
3611,1.012918
3612,1.005337
3613,1.005622
3614,1.011969
3615,1.019912
3616,1.016959
3617,1.011895
3618,1.003013
3619,1.004511
3620,1.009089
3621,1.017179
3622,1.016277
3623,1.016497
3624,1.008748
3625,1.002907
3626,1.004872
3627,1.007342
3628,1.005862
3629,1.006395
3630,1.006023
3631,1.005954
3632,1.009447
3633,1.012882
3634,1.015138
3635,1.018085
3636,1.015534
3637,1.019173
3638,1.021969
3639,1.020270
3640,1.013319
3641,1.014689
3642,1.004111
3643,0.995072
3644,0.991596
3645,0.989859
3646,0.988645
3647,0.981273
3648,0.977381
3649,0.982447
3650,0.992913
3651,1.006941
3652,1.015396
3653,1.025758
3654,1.208341
3655,1.238326
3656,1.266464
3657,1.288794
3658,1.316762
3659,1.341300
3660,1.336967
3661,1.341420
3662,1.343457
3663,1.337752
3664,1.326870
3665,1.316500
3666,1.311790
3667,1.290041
3668,1.276527
3669,1.272348
3670,1.260465
3671,1.238143
3672,1.221577
3673,1.213972
3674,1.222624
3675,1.249035
3676,1.262259
3677,1.285410
3678,1.327717
3679,1.352064
3680,1.350465
3681,1.340898
3682,1.333126
3683,1.291424
3684,1.250641
3685,1.215131
3686,1.167125
3687,1.076436
3688,1.048481
3689,1.029968
3690,1.029710
3691,1.037618
3692,1.069909
3693,1.117903
3694,1.174647
3695,1.213978
3696,1.228927
3697,1.194432
3698,1.122253
3699,1.034576
3700,0.945029
3701,0.885347
3702,0.853750
3703,0.846172
3704,0.861779
3705,0.902785
3706,0.922345
3707,0.901826
3708,0.868837
3709,0.819688
3710,0.781859
3711,0.762427
3712,0.772583
3713,0.802922
3714,0.844957
3715,0.893052
3716,0.916930
3717,0.920290
3718,0.906367
3719,1.220993
3720,0.992046
3721,0.838274
3722,0.781899
3723,0.811491
3724,0.904712
3725,1.012765
3726,1.095337
3727,1.134332
3728,1.141911
3729,1.115761
3730,1.052521
3731,0.996433
3732,0.949758
3733,0.913955
3734,0.895802
3735,0.901901
3736,0.908007
3737,0.925890
3738,0.945944
3739,0.960946
3740,0.965372
3741,0.970004
3742,0.979386
3743,0.998042
3744,1.012479
3745,1.029805
3746,1.039450
3747,1.050007
3748,1.058705
3749,1.057958
3750,1.055100
3751,1.049596
3752,1.028862
3753,1.013731
3754,0.999542
3755,0.990345
3756,0.984278
3757,0.985444
3758,0.995264
3759,1.007502
3760,1.013781
3761,1.010277
3762,0.992350
3763,0.981189
3764,0.979115
3765,0.974277
3766,0.979321
3767,0.986541
3768,1.009244
3769,1.018076
3770,1.025645
3771,1.026643
3772,1.030155
3773,1.029388
3774,1.025205
3775,1.025975
3776,1.024882
3777,1.029198
3778,1.035308
3779,1.040392
3780,1.042018
3781,1.034549
3782,1.016813
3783,1.011797
3784,1.010436
3785,1.013803
3786,1.021385
3787,1.033390
3788,1.049556
3789,1.063687
3790,1.054996
3791,1.037695
3792,1.014359
3793,0.991889
3794,0.977410
3795,0.975516
3796,0.975966
3797,0.975029
3798,0.982536
3799,0.991751
3800,1.001265
3801,1.001677
3802,0.983439
3803,0.969071
3804,0.964464
3805,0.967608
3806,0.968894
3807,0.968692
3808,0.973668
3809,0.977724
3810,0.983626
3811,0.981916
3812,0.985466
3813,0.991803
3814,0.990229
3815,0.989512
3816,0.989226
3817,0.986221
3818,0.981057
3819,0.974836
3820,0.981018
3821,0.986173
3822,0.996351
3823,0.999607
3824,1.009708
3825,1.014675
3826,1.015059
3827,1.010211
3828,1.008805
3829,1.012757
3830,1.031779
3831,1.067306
3832,1.098237
3833,1.120822
3834,1.127804
3835,1.116143
3836,1.095713
3837,1.081882
3838,1.084413
3839,1.097776
3840,1.101904
3841,1.096852
3842,1.080823
3843,1.074307
3844,1.061583
3845,1.043090
3846,1.031297
3847,1.025281
3848,1.028097
3849,1.010363
3850,0.958255
3851,0.907653
3852,0.875438
3853,0.876890
3854,0.892983
3855,0.915069
3856,0.941577
3857,0.956494
3858,0.958261
3859,0.970682
3860,0.999036
3861,1.018229
3862,1.035406
3863,1.042761
3864,1.038201
3865,1.035022
3866,1.023857
3867,1.026353
3868,1.019433
3869,1.010012
3870,1.000122
3871,0.993788
3872,0.986016
3873,0.969734
3874,0.958619
3875,0.958356
3876,0.962721
3877,0.978739
3878,0.990278
3879,0.992992
3880,0.989999
3881,0.989087
3882,0.994701
3883,0.996866
3884,0.994438
3885,0.991549
3886,0.986952
3887,0.998946
3888,1.006690
3889,1.015013
3890,1.024235
3891,1.025450
3892,1.016595
3893,1.007379
3894,1.005775
3895,0.987537
3896,0.971399
3897,0.988235
3898,1.017035
3899,1.046701
3900,1.054574
3901,1.039059
3902,1.011722
3903,0.957663
3904,0.911294
3905,0.876053
3906,0.929701
3907,1.014212
3908,1.072831
3909,1.124032
3910,1.158942
3911,1.180721
3912,1.201876
3913,1.206838
3914,1.191423
3915,1.163740
3916,1.130321
3917,1.087901
3918,1.061512
3919,1.062130
3920,1.077042
3921,1.093475
3922,1.101477
3923,1.098865
3924,1.089234
3925,1.062133
3926,1.045984
3927,1.055604
3928,1.078974
3929,1.091519
3930,1.058827
3931,0.999792
3932,0.936419
3933,0.883151
3934,0.831332
3935,0.805706
3936,0.795300
3937,0.799378
3938,0.830084
3939,0.869661
3940,0.922771
3941,0.948158
3942,0.970478
3943,0.999760
3944,1.041888
3945,1.094416
3946,1.126159
3947,1.102192
3948,1.040257
3949,0.968781
3950,0.929854
3951,0.952565
3952,1.028354
3953,1.119570
3954,1.189086
3955,1.242188
3956,1.258959
3957,1.230920
3958,1.192497
3959,1.152338
3960,1.119805
3961,1.088703
3962,1.077203
3963,1.082024
3964,1.085510
3965,1.086635
3966,1.088672
3967,1.048696
3968,1.025871
3969,1.028920
3970,1.035216
3971,1.040492
3972,1.044418
3973,1.046113
3974,1.058390
3975,1.076231
3976,1.074219
3977,1.058611
3978,1.049653
3979,1.038858
3980,1.053603
3981,1.089721
3982,1.114354
3983,1.176797
3984,1.247869
3985,1.300646
3986,1.342240
3987,1.342220
3988,1.314848
3989,1.303310
3990,1.297903
3991,1.257005
3992,1.215700
3993,1.199449
3994,1.175989
3995,1.152658
3996,1.143604
3997,1.207187
3998,1.315675
3999,1.396591
4000,1.424906
4001,1.401350
4002,1.400285
4003,1.426703
4004,1.423118
4005,1.422887
4006,1.423647
4007,1.407743
4008,1.359213
4009,1.283394
4010,1.162761
4011,1.135225
4012,1.120844
4013,1.110598
4014,1.140261
4015,1.173451
4016,1.161351
4017,1.126311
4018,1.083816
4019,1.060204
4020,1.047577
4021,1.019821
4022,1.001408
4023,0.986544
4024,0.965936
4025,0.964624
4026,0.979508
4027,0.996028
4028,1.013508
4029,1.016803
4030,1.024493
4031,1.037865
4032,1.028465
4033,0.988329
4034,0.942268
4035,0.902064
4036,0.878318
4037,0.865524
4038,0.841720
4039,0.822812
4040,0.821981
4041,0.814707
4042,0.796393
4043,0.779423
4044,0.775769
4045,0.751694
4046,0.733851
4047,0.729764
4048,0.726678
4049,0.745822
4050,0.768667
4051,0.800899
4052,0.827165
4053,0.850641
4054,0.854643
4055,0.868632
4056,0.872318
4057,0.855324
4058,0.840565
4059,0.824183
4060,0.808738
4061,0.810828
4062,0.830131
4063,0.860685
4064,0.893251
4065,0.931612
4066,0.961069
4067,0.976280
4068,0.957774
4069,0.918007
4070,0.878486
4071,0.847675
4072,0.825164
4073,0.818761
4074,0.835493
4075,0.857668
4076,0.894800
4077,0.933419
4078,0.945473
4079,0.934794
4080,0.924232
4081,0.924865
4082,0.926329
4083,0.937067
4084,0.972088
4085,0.995285
4086,1.009045
4087,1.015898
4088,1.015350
4089,1.024129
4090,1.041676
4091,1.065914
4092,1.109696
4093,1.136174
4094,1.137910
4095,1.107674
4096,1.068936
4097,1.023425
4098,0.974235
4099,0.927476
4100,0.899960
4101,0.885998
4102,0.876996
4103,0.868912
4104,0.871779
4105,0.892415
4106,0.916246
4107,0.936043
4108,0.950268
4109,0.972393
4110,0.973488
4111,0.979430
4112,0.973769
4113,0.974869
4114,0.993223
4115,1.021557
4116,1.045357
4117,1.070032
4118,1.104094
4119,1.134243
4120,1.145742
4121,1.099499
4122,1.071199
4123,1.046310
4124,1.034078
4125,1.030700
4126,1.017467
4127,1.041739
4128,1.033298
4129,1.002097
4130,0.975811
4131,0.940610
4132,0.917639
4133,0.913623
4134,0.921173
4135,0.935245
4136,0.945684
4137,0.953991
4138,0.980488
4139,1.007201
4140,1.039934
4141,1.067004
4142,1.094602
4143,1.116458
4144,1.128738
4145,1.124602
4146,1.117207
4147,1.102444
4148,1.079441
4149,1.066763
4150,1.061038
4151,1.057251
4152,1.059263
4153,1.055680
4154,1.041806
4155,1.027560
4156,1.010895
4157,0.994699
4158,0.985668
4159,0.975281
4160,0.962122
4161,0.949544
4162,0.941230
4163,0.935737
4164,0.933704
4165,0.932938
4166,0.939929
4167,0.952491
4168,0.967407
4169,0.988539
4170,1.003388
4171,1.022497
4172,1.033422
4173,1.044283
4174,1.045614
4175,1.041776
4176,1.019355
4177,1.007824
4178,1.012346
4179,1.019708
4180,1.038461
4181,1.056785
4182,1.050144
4183,1.032301
4184,0.997920
4185,0.945728
4186,0.900626
4187,0.872956
4188,0.863317
4189,0.870491
4190,0.889706
4191,0.921148
4192,0.949228
4193,0.989702
4194,1.026597
4195,1.051943
4196,1.066620
4197,1.076077
4198,1.074808
4199,1.075564
4200,1.086796
4201,1.094250
4202,1.094193
4203,1.082530
4204,1.073126
4205,1.061429
4206,1.044826
4207,1.042652
4208,1.037362
4209,1.031489
4210,1.025331
4211,1.016571
4212,1.016801
4213,1.009107
4214,1.004459
4215,0.998444
4216,0.993161
4217,0.988321
4218,0.985864
4219,0.980192
4220,0.976942
4221,0.981681
4222,0.984197
4223,0.985891
4224,0.986837
4225,0.994317
4226,0.994964
4227,1.007804
4228,1.023140
4229,1.021287
4230,1.017485
4231,0.996552
4232,0.981645
4233,0.978454
4234,0.976185
4235,0.983693
4236,0.984145
4237,0.977276
4238,0.964614
4239,0.957855
4240,0.953238
4241,0.944875
4242,0.929536
4243,0.919726
4244,0.910319
4245,0.914808
4246,0.929448
4247,0.949517
4248,0.958409
4249,0.959562
4250,0.956825
4251,0.946603
4252,0.925948
4253,0.915731
4254,0.911345
4255,0.911186
4256,0.910936
4257,0.924017
4258,0.932551
4259,0.924236
4260,0.903207
4261,0.886115
4262,0.864499
4263,0.860668
4264,0.857693
4265,0.867698
4266,0.863376
4267,0.865052
4268,0.856410
4269,0.843468
4270,0.834097
4271,0.827393
4272,0.827071
4273,0.819423
4274,0.818037
4275,0.805690
4276,0.786677
4277,0.779056
4278,0.767095
4279,0.769884
4280,0.769787
4281,0.769903
4282,0.780719
4283,0.796871
4284,0.817965
4285,0.818227
4286,0.803751
4287,0.791963
4288,0.796089
4289,0.804983
4290,0.853588
4291,0.929764
4292,0.980284
4293,1.017311
4294,1.044500
4295,1.041407
4296,1.026279
4297,0.980056
4298,0.920607
4299,0.859107
4300,0.817658
4301,0.798576
4302,0.817438
4303,0.843312
4304,0.861260
4305,0.886900
4306,0.875346
4307,0.847038
4308,0.947671
4309,1.107151
4310,1.193392
4311,1.227349
4312,1.246751
4313,1.165845
4314,1.382858
4315,2.203253
4316,2.004901
4317,2.049234
4318,2.708395
4319,3.046097
4320,2.686489
4321,1.898437
4322,1.357275
4323,1.422316
4324,1.978812
4325,2.443627
4326,2.410018
4327,2.073274
4328,1.678433
4329,1.504080
4330,1.476639
4331,1.552103
4332,1.658666
4333,1.793573
4334,1.928409
4335,2.087929
4336,2.188301
4337,2.178453
4338,1.955278
4339,1.691500
4340,1.468365
4341,1.138176
4342,1.056763
4343,1.024157
4344,0.988864
4345,1.036042
4346,1.098500
4347,1.108390
4348,1.086966
4349,1.077807
4350,1.142026
4351,1.210968
4352,1.224310
4353,1.231840
4354,1.207731
4355,1.220334
4356,1.296657
4357,1.437522
4358,1.504605
4359,1.416172
4360,1.258168
4361,1.115733
4362,1.013973
4363,0.954331
4364,0.934776
4365,0.948433
4366,0.992759
4367,0.997724
4368,0.975174
4369,0.965289
4370,0.929880
4371,0.899693
4372,0.889216
4373,0.904463
4374,0.922363
4375,0.913803
4376,1.085703
4377,0.930870
4378,0.841206
4379,0.945304
4380,0.992095
4381,0.974201
4382,0.975497
4383,0.977600
4384,0.983033
4385,0.970199
4386,0.971734
4387,0.978956
4388,0.972875
4389,0.927105
4390,0.893541
4391,0.890286
4392,0.927440
4393,0.952700
4394,0.964615
4395,0.963157
4396,0.983400
4397,1.008600
4398,1.059867
4399,1.078081
4400,1.071959
4401,1.056689
4402,1.057196
4403,1.072167
4404,1.102896
4405,1.112294
4406,1.086843
4407,1.069401
4408,1.050468
4409,1.037978
4410,1.016196
4411,1.003882
4412,1.017324
4413,1.026692
4414,1.023116
4415,1.022018
4416,1.015663
4417,1.024891
4418,1.046103
4419,1.060862
4420,1.065118
4421,1.067208
4422,1.073074
4423,1.066362
4424,1.097367
4425,1.128451
4426,1.133299
4427,1.127907
4428,1.100766
4429,1.051508
4430,0.933195
4431,0.965616
4432,1.029737
4433,1.046342
4434,1.033288
4435,1.054360
4436,1.004651
4437,0.963357
4438,0.954813
4439,0.953730
4440,0.966969
4441,0.992729
4442,1.018378
4443,1.049430
4444,1.098728
4445,1.137938
4446,1.133694
4447,1.124876
4448,1.110392
4449,1.080108
4450,1.049167
4451,1.027311
4452,1.010659
4453,1.008056
4454,1.008559
4455,1.006152
4456,1.004589
4457,1.055358
4458,0.956779
4459,0.860103
4460,0.848713
4461,0.879086
4462,0.909514
4463,0.930318
4464,0.934636
4465,0.918762
4466,0.862039
4467,0.874652
4468,0.920005
4469,0.952484
4470,0.972618
4471,0.985429
4472,1.016943
4473,1.029386
4474,1.040027
4475,1.053210
4476,1.055630
4477,1.019252
4478,0.986946
4479,0.960383
4480,0.938994
4481,0.937673
4482,0.948633
4483,0.960662
4484,0.995223
4485,1.034507
4486,1.052527
4487,1.058097
4488,1.053122
4489,1.037474
4490,1.030920
4491,1.023613
4492,1.027400
4493,1.054517
4494,1.067192
4495,1.075786
4496,1.062463
4497,1.025683
4498,0.997504
4499,0.988770
4500,0.979582
4501,0.978494
4502,0.989176
4503,1.011823
4504,1.031961
4505,1.050317
4506,1.056378
4507,1.053722
4508,1.032986
4509,1.002695
4510,0.981204
4511,0.983494
4512,0.991696
4513,1.009713
4514,1.028977
4515,1.035903
4516,1.029570
4517,1.020011
4518,1.018338
4519,1.008076
4520,0.989589
4521,0.987047
4522,0.988516
4523,0.998214
4524,1.011397
4525,1.026947
4526,1.043154
4527,1.046898
4528,1.051381
4529,1.057344
4530,1.058070
4531,1.071068
4532,1.091565
4533,1.105709
4534,1.106517
4535,1.110733
4536,1.112871
4537,1.101551
4538,1.090976
4539,1.083731
4540,1.107351
4541,1.129275
4542,1.134226
4543,1.201086
4544,1.280170
4545,1.321553
4546,1.328004
4547,1.290726
4548,1.204779
4549,1.118419
4550,1.059135
4551,1.040156
4552,1.038709
4553,1.051580
4554,1.053903
4555,1.037326
4556,1.031728
4557,1.020728
4558,0.992061
4559,0.955905
4560,0.907914
4561,0.877932
4562,0.906837
4563,0.932883
4564,0.949399
4565,0.952491
4566,0.926310
4567,0.929729
4568,0.938432
4569,0.934780
4570,0.939087
4571,0.949132
4572,0.966935
4573,0.984165
4574,0.998546
4575,0.996883
4576,0.999066
4577,1.001261
4578,0.998538
4579,0.996106
4580,1.000424
4581,1.003483
4582,1.017330
4583,1.017798
4584,0.988927
4585,0.966887
4586,0.960189
4587,0.954751
4588,0.956109
4589,0.971060
4590,0.983292
4591,0.989862
4592,0.984376
4593,0.961891
4594,0.939829
4595,0.919596
4596,0.905637
4597,0.905165
4598,0.917068
4599,0.930114
4600,0.939454
4601,0.952541
4602,0.965517
4603,0.972965
4604,0.980676
4605,0.991766
4606,0.986372
4607,1.021035
4608,1.025886
4609,1.007277
4610,1.004104
4611,1.018398
4612,1.012534
4613,1.013786
4614,0.992915
4615,0.976458
4616,0.976483
4617,0.998222
4618,1.014259
4619,1.023889
4620,1.015573
4621,1.014656
4622,1.028155
4623,1.035424
4624,1.021041
4625,0.997431
4626,0.962192
4627,0.988081
4628,1.021433
4629,1.029770
4630,1.040641
4631,1.029353
4632,1.007974
4633,1.000400
4634,1.013353
4635,1.024202
4636,1.013758
4637,1.029049
4638,1.046146
4639,1.028653
4640,1.009799
4641,1.009054
4642,1.008233
4643,1.016996
4644,1.020743
4645,1.019060
4646,1.032079
4647,1.021412
4648,1.009277
4649,1.011304
4650,1.007393
4651,1.018425
4652,1.025875
4653,1.017527
4654,1.041178
4655,1.034610
4656,1.023655
4657,1.018682
4658,1.023625
4659,1.020002
4660,1.029395
4661,1.036403
4662,1.035124
4663,1.039742
4664,1.041452
4665,1.039010
4666,1.019475
4667,1.069311
4668,1.067701
4669,1.061083
4670,1.046448
4671,1.039789
4672,1.033359
4673,0.994437
4674,0.976392
4675,0.960960
4676,0.955224
4677,0.985804
4678,0.906457
4679,0.955965
4680,0.975737
4681,1.009318
4682,1.013965
4683,1.018640
4684,1.007474
4685,1.015233
4686,1.006678
4687,1.039742
4688,1.037791
4689,1.003599
4690,0.954749
4691,0.959257
4692,0.959014
4693,0.987826
4694,1.015635
4695,1.040162
4696,1.051998
4697,1.069204
4698,1.075554
4699,1.072735
4700,1.068752
4701,1.052071
4702,1.030316
4703,1.020402
4704,1.015592
4705,1.000952
4706,1.028693
4707,1.008206
4708,0.998227
4709,1.000815
4710,1.015287
4711,1.019684
4712,1.023213
4713,1.031068
4714,1.030552
4715,1.052584
4716,1.035529
4717,0.988724
4718,1.003131
4719,1.003171
4720,1.015893
4721,1.024269
4722,1.020551
4723,1.014460
4724,1.008208
4725,1.004117
4726,0.997529
4727,1.001045
4728,1.016769
4729,1.035584
4730,1.037007
4731,1.050052
4732,1.061128
4733,1.048255
4734,1.049012
4735,1.047459
4736,1.043898
4737,1.049697
4738,1.066642
4739,1.059435
4740,1.044791
4741,1.042176
4742,1.025473
4743,1.009906
4744,0.997712
4745,0.975447
4746,0.951522
4747,0.941471
4748,0.934784
4749,0.935470
4750,0.941043
4751,0.956860
4752,0.976436
4753,1.006610
4754,1.022904
4755,1.029473
4756,1.033798
4757,1.038885
4758,1.049279
4759,1.052132
4760,1.058758
4761,1.046101
4762,1.054042
4763,1.075296
4764,1.081641
4765,1.080609
4766,1.084891
4767,1.091786
4768,1.067552
4769,1.011801
4770,0.999164
4771,1.004597
4772,1.035489
4773,1.071408
4774,1.087040
4775,0.989057
4776,1.016598
4777,1.024362
4778,1.010384
4779,0.969580
4780,0.910059
4781,0.871238
4782,0.893000
4783,0.961458
4784,0.986292
4785,0.965517
4786,0.903193
4787,0.870150
4788,0.838968
4789,0.828812
4790,0.837267
4791,0.838139
4792,0.867950
4793,0.877376
4794,0.878378
4795,0.877924
4796,0.892462
4797,0.904221
4798,0.924390
4799,0.931234
4800,0.961068
4801,0.988307
4802,1.007027
4803,1.012804
4804,1.003324
4805,0.998768
4806,0.996115
4807,0.999051
4808,1.003380
4809,1.021317
4810,1.055065
4811,1.059169
4812,1.062676
4813,1.050030
4814,1.024193
4815,1.010297
4816,1.020078
4817,1.032858
4818,1.044187
4819,1.050560
4820,1.051273
4821,1.030576
4822,1.026183
4823,1.040319
4824,1.046160
4825,1.055757
4826,1.053383
4827,1.033906
4828,1.013433
4829,1.010633
4830,1.021802
4831,1.029750
4832,1.027674
4833,1.036919
4834,1.046748
4835,1.043061
4836,1.042203
4837,1.048497
4838,1.037216
4839,1.033504
4840,1.129341
4841,1.133373
4842,1.129575
4843,1.116855
4844,1.069077
4845,1.052393
4846,1.046627
4847,1.050995
4848,1.056394
4849,1.057133
4850,1.053549
4851,1.051963
4852,1.071733
4853,1.088395
4854,1.094644
4855,1.089396
4856,1.071290
4857,1.065365
4858,1.065966
4859,1.069507
4860,1.069802
4861,1.068026
4862,1.044902
4863,1.030684
4864,0.996137
4865,0.969718
4866,0.941200
4867,0.910257
4868,0.879635
4869,0.894613
4870,0.955318
4871,1.049076
4872,1.088373
4873,1.090093
4874,1.095564
4875,1.050048
4876,1.002171
4877,0.974559
4878,0.980476
4879,1.019163
4880,1.070896
4881,1.133151
4882,1.164003
4883,1.137364
4884,1.112854
4885,1.097150
4886,1.075914
4887,1.012068
4888,0.949579
4889,0.960022
4890,0.977201
4891,0.995035
4892,1.041001
4893,1.058567
4894,1.004831
4895,0.984992
4896,1.046843
4897,1.086643
4898,1.137724
4899,1.182883
4900,1.060106
4901,0.882352
4902,0.753595
4903,0.705654
4904,0.739109
4905,0.790666
4906,0.789348
4907,0.776262
4908,0.815101
4909,0.875564
4910,0.932478
4911,0.977514
4912,0.982525
4913,0.982995
4914,0.999624
4915,0.979073
4916,0.963374
4917,0.972104
4918,0.989158
4919,1.035277
4920,1.083122
4921,1.094120
4922,1.078438
4923,1.067125
4924,1.057391
4925,1.059298
4926,1.077610
4927,1.092097
4928,1.100643
4929,1.102729
4930,1.096788
4931,1.096144
4932,1.089648
4933,1.072720
4934,1.064382
4935,1.057918
4936,1.060660
4937,1.057783
4938,1.060324
4939,1.056228
4940,1.043117
4941,1.029563
4942,1.023375
4943,1.022563
4944,1.023534
4945,1.033366
4946,1.042497
4947,1.054277
4948,1.060400
4949,1.060521
4950,1.070765
4951,1.088473
4952,1.076543
4953,1.044301
4954,1.003408
4955,0.963948
4956,0.928792
4957,0.904850
4958,0.892104
4959,0.900645
4960,0.919831
4961,0.935330
4962,0.961171
4963,0.974238
4964,0.958013
4965,0.945555
4966,0.929568
4967,0.921610
4968,0.929494
4969,0.952914
4970,0.982127
4971,0.996497
4972,1.017548
4973,1.030978
4974,1.039284
4975,1.062618
4976,1.088863
4977,1.113179
4978,1.131634
4979,1.153874
4980,1.158902
4981,1.120177
4982,1.093470
4983,1.064627
4984,1.047943
4985,1.046410
4986,1.056477
4987,1.061509
4988,1.069918
4989,1.079764
4990,1.090724
4991,1.094365
4992,1.088932
4993,1.069029
4994,1.048137
4995,1.045581
4996,1.055025
4997,1.064461
4998,1.071062
4999,1.063502
